4181511
22042527
2476797
4717472
359781303
1623445
18030567
377718
483231
219419237
372984197
2919301
803931
14132828
2149710
4805744
596353
3347004
392817730
29052633
6777056
1548194
387108043
21039648
288793323
17492464
407088679
151830756
28300270
397222489
470552
142370
37618182
8563863
507915
291231032
406879681
16860859
1543959
2833969
13029548
216455
262524
355810003
2009887
391875813
234373983
390967949
10209615
175259
2378867
3243124
2479562
6950804
1521135
238537745
125823832
371691012
4064298
389695197
3534412
32425719
396330851
2485343
391876799
35732595
20313142
3772162
32861370
2839255
3262441
387792431
772405
390899490
28209219
10469567
2103461
13935928
20530305
1964626
7282843
389859190
7454242
269070
18088727
1769729
1592713
402899168
300312007
3507669
397222615
372685
397829041
23667335
3185436
8448757
391480265
18097597
406338458
119
209459
1455521
12533781
237676
346439344
330986
406915460
444559
218234
8281713
38340688
191532
20353850
405038203
14897226
246164792
9970237
23968657
13494580
242901
5790692
5050637
6417028
3040356
214697
904827
83646544
373119
8024171
28774067
1818100
389856447
389858754
26089519
5481908
141555
109051382
383806921
1955253
29435277
8132882
32680671
2230818
364527671
6205614
95418191
15469857
580477
1539509
13205212
341048805
393955715
10094752
1815607
4520970
332704117
25798929
395925062
7672824
7035127
7790569
129885310
634078
130648958
230629
4228798
929545
2033380
3893735
1673546
35561138
573445
39172927
1865939
54264888
400484164
44736550
33844406
5737
394391433
8284807
281426315
2275462
24148211
3198017
3934727
404931526
10865396
2018180
2506871
249551
328610
4657660
3828292
3840604
396214404
267970450
397633547
400313598
15314451
254110230
14955977
2512210
6210158
1758963
2885290
60273
379103516
28896
544348
1903623
7262940
382821371
50864
2354231
54081
3287291
567736
2142409
1869412
2177070
1688243
160085
47441
31484761
1559860
28143147
31761638
4635182
4558555
11883394
11094915
403921378
44208333
392264842
42129
3584186
15240651
36572
384064360
2029625
8078438
401705956
176486647
1637
9963540
151967340
19286061
6267768
108272525
389858027
375504219
347374197
9617619
28896332
49386
321785
407359057
730732
4651472
15445444
6266017
197826055
4596559
281818
263583010
113640426
24688773
12269257
346710484
252599
8322095
1760766
396532028
435943
180668218
22899666
197455
350763494
5563350
2768965
827052
6733835
357524
2648012
407979432
1985577
5421881
147147737
339116260
397520048
399431
3638627
4066233
13444318
8016862
2811374
11867778
2004218
3326614
399554022
1584911
35749736
1794876
8111671
395858899
87629078
358695457
858329
3432207
22730563
10468819
14163699
72933022
226926
6131649
11982
88250054
283053549
24315469
6938570
4687940
348832436
14405629
11993912
218946
302464013
28822227
313028281
1915650
19650530
458272
141917
387995724
531737
10280363
148891116
358516600
20622685
28772651
14145451
339567211
90100786
358617079
389857131
32166778
2012479
83959883
13270682
2128463
2462504
402517241
1403297
3901533
215196524
319701210
323590528
3182239
381197300
542636
203142
307599
22647447
19669690
79346718
8554105
2844993
7662479
396295121
3563393
214854
3726678
327875807
106581684
8533809
508191
39587871
9327695
243920693
21030078
5942507
364225566
1845972
385791067
36965815
8509215
3441715
32751712
43583904
291296062
205059
2750049
12362451
1823911
611080
151321
13432662
96240
301646
405071227
6236759
385953836
15210141
14734829
1298555
1456096
77058
389052754
4716152
385501313
589680
92377215
399592717
98092432
393269118
69933191
406748610
3291190
374017536
610213
13421806
20233752
199396
11628279
399967587
392139
211796
2284405
179035138
901858
95528170
381294255
390800017
900751
23091199
37402851
387399458
4092298
398596308
273618
1806545
20709396
351555002
2236939
27119772
7617717
6733603
139162284
345648420
383079163
387990044
326664268
395797365
397275545
353605353
367310491
25837891
1514013
22667511
872986
407797868
2120432
318581967
384152036
466569
7696735
397832257
366690056
2237524
37686998
928041
382545233
25923886
23389817
314745561
40615110
345819190
330490798
331249454
3362507
67486440
313562401
391682304
12837082
619330
1982732
8803955
1621098
6442463
403928672
402176802
5265945
7978109
2981033
4810139
475570
8206481
153984
10081533
6555172
84204919
177810635
1977190
198025
23242691
263025163
2073698
36018658
133467
302130393
3936082
3327111
8205465
36439448
7725342
3170804
386165
846128
9997338
31823818
401694
394119
1698816
389857640
29104
216648
421807
359082596
3633594
373840810
377899842
2077780
328284808
2556154
29220412
79313
936877
344515485
400718941
403894805
383012066
91483381
32276632
1870368
374018
64871888
8827857
34407526
6250860
362420674
511982
1932591
681372
3149619
359155805
7037050
2973247
224004
12612052
78785
299826414
13748154
859261
380829248
2061306
28209038
61206
403004815
87672858
1284481
354185995
40993
4012376
398709832
16888225
104955
392081295
11577717
252837769
397179100
467274
7120945
1337624
4731235
8166678
11613555
34898722
41722879
282420020
8242424
1586846
19712916
389381338
24622055
543064
399882751
10048661
25353963
331678027
11629442
476971
7107757
454530
37218
239909
11764597
26413138
5208856
299169067
25865472
104991944
5174606
6483737
1725966
1516396
1879267
205085081
392812194
394851149
2357943
2165801
37100729
389813298
1341914
373471
238263042
742365
635634
224007788
349674525
723394
33004597
605844
2179346
14911961
210983043
18149131
831569
1474490
43516421
52002
3499787
7078836
11687713
8682928
942021
232519440
2957993
12231491
399121799
400809114
2758797
13048099
12784318
62876636
1743083
1826804
246785788
11922471
3726243
12026048
327711614
7669133
337827661
2386280
35062452
29600686
373493702
5944407
2139968
1350031
543943
59796912
1742398
11605883
393940396
29245325
5321974
3787920
397723865
1946820
774257
442090
223321
265224956
299732210
152257800
53663
223902
353675719
588034
66403319
354142359
299149
23495643
934940
14469114
2806715
19959581
373847947
285684
2706257
13308108
400421629
1704340
197975
351778746
3029259
8624073
13938558
560993
7676887
2988616
39105233
37155943
11610462
289654
298197
4790803
190108
1919940
5926294
9987520
373109470
27688592
4701705
61639371
351599084
347581983
385851175
403080854
389056211
30113077
406135
1869304
1114594
109493110
12951993
4212287
185536
3702309
358335
515639
289769
179754
13944109
140875
345819729
1576121
557138
2901354
809154
16569037
2277475
5610801
386900246
3250192
15227416
91518898
387091887
351801761
7378688
83202650
24167165
826101
290583
315102133
388689034
7478761
11286008
8291449
23342274
4580186
390905553
289682629
16694113
384180280
103071
7653750
12367735
278093107
119136
292044559
369456406
399817053
300759827
394233884
12437391
400323299
25792068
120834
7626616
392023656
43676470
109891
323259613
403638183
221334
394425750
4714970
394279733
401166457
354940834
1815900
21681982
5847902
371997819
6422075
3573017
1323945
4841414
2392496
3564133
44756900
165675
7106172
3434974
1473830
741004
401971509
84305
406113242
20875846
365308305
233969838
387704749
40659397
19910651
97343
1702922
31459063
16713205
32829
400753692
161388
395089313
143019942
97126
295713942
375198000
2551181
359081307
355167926
8483237
1765997
5187151
7293601
1937190
324879
20813493
60510020
76669148
333061711
1683035
2019285
2778044
404459955
5665
401554271
42724749
394856061
390021323
403927583
32066458
3170436
10320640
2335148
351773
178214
394918929
12221244
399574079
1580057
308751411
787356
186787285
401931050
8737880
34655574
1399044
894362
2484884
1931956
1743272
2402225
278120371
32371144
12751252
351375889
405556778
4564149
1886953
12847564
2735011
352298538
2643499
2713368
751240
32295064
552422
5570898
21016018
2448608
298650763
792210
9824984
857051
385335946
326968804
264319276
384087
300056066
2327673
326931
387236794
2489294
349991143
38829
6415072
64613
3055416
7203467
268940
7862337
814737
10407607
276490247
3387887
473048
328021285
38128194
13209383
2489144
23019265
304190327
4050326
3608875
406548031
399246517
361540300
44969493
12645374
425632
1877063
1919742
5637882
499568
9986117
397832653
2088450
366795
406476630
1631724
336731767
16737854
4494836
9992104
83034744
1677063
395814787
298077390
535734
3619550
257492
97204
13112845
1474640
1612112
22746751
195386
389349320
338934008
406593123
360221708
7730178
4194025
23161637
391134325
403930401
172276
76389063
390186116
8598892
381985420
201459601
3286364
11274520
478951
389862071
39106621
344492727
51173321
810937
1417196
396655254
17703106
8119834
15685117
109406009
2614951
3660370
187840349
14898190
188882
8243871
326941333
32899634
366148091
354245
5713189
4642230
13950553
23538596
407029693
2328126
45921503
173817005
3680603
20603745
400786126
5730
181834271
2718043
10840656
175524315
1725138
10369514
620903
11401760
557324
504473
283815
4622162
5398196
319262599
315312
16815794
19563615
1351379
1663496
614434
1280034
6213831
26580527
5038952
28487952
28197946
14001009
2663839
57740
390951
20505268
4763529
40716892
39357524
391614061
6850725
417851
308688486
17631667
12920215
15095071
13289422
40082565
246221012
8633690
4203709
7955702
4705170
10215445
9983200
326743234
1821522
23296369
694155
390389908
57931
1418441
49617624
258172126
397540964
1907146
406103967
797614
152428
355974644
35708937
7146639
309246054
3311472
256449551
385143480
499044
4577047
22366346
353448885
13837334
128381852
801823
11759392
274435
4929044
2277744
544151
11289832
3750005
405573324
13517355
198297
320225995
2141896
4676168
296922215
98960802
539104
6521648
38273387
170314352
2554225
351918426
26022297
166413848
320740464
28630785
123582
36764423
4175516
3944
15520
392505232
2694911
14016633
1807729
102451986
4728183
3165975
397731232
325325965
2914216
5365246
2026147
8417233
286179206
220186905
4626164
6055289
203365648
1790322
406891358
9493479
9375210
340967975
388064952
357505310
3696356
392970636
1742630
42951042
84508749
2598761
7898654
487412
2940152
7865361
160464355
6446005
388693909
788494
296988
11835562
267382755
4415701
314290795
14888938
14710149
407273561
398642121
2944668
348664326
2426614
10220021
15936956
931333
543198
6571865
10291126
10848835
3588193
1653345
80387576
1725847
879236
31374926
9192930
1644344
2118168
406805563
143328
3251112
1741629
4147833
204838732
390131950
290982
549026
1950149
28072348
11456574
8436846
23195621
21359219
406532904
7429125
8489774
331536
381951501
4123337
5772352
1480872
57271
18336918
23824834
2018124
23581010
384230128
816032
7133877
13300079
45671892
3342375
5887731
10891911
86959548
12680711
14712304
3004376
27231664
8988691
45296
427381
3867799
166657973
31639348
11697699
4169314
395933021
4459548
2954454
2495991
391760485
230947255
383731800
407007556
296909317
11374612
16706112
404854134
4806258
356238240
19651166
241466
3326166
11725160
449600
20612969
173804504
13126580
32518773
381185188
